            ?-?-?     12.907     23.778      0.725      3413570 
            ?-?-?     12.912     24.855      0.763     11504472 
            ?-?-?     22.599     24.228      0.490      4821012 
            ?-?-?     22.354     24.220      0.490      6550230 
            ?-?-?     14.421     24.218      0.489      9505747 
            ?-?-?     13.732     24.228      0.489     17001444 
            ?-?-?     10.165     24.196      0.488      3640749 
            ?-?-?     23.768     21.127      0.939      7305870 
            ?-?-?     22.782     21.115      0.939     10612603 
            ?-?-?     20.257     21.116      0.941      6176988 
            ?-?-?     26.612     14.421      0.328     18188122 
            ?-?-?     24.231     14.425      0.327      8564372 
            ?-?-?     23.307     14.422      0.327      5401460 
            ?-?-?     22.343     14.413      0.327      6264008 
            ?-?-?     20.499     14.420      0.327     18927560 
            ?-?-?     13.726     14.412      0.327     22742994 
            ?-?-?     13.077     14.427      0.326      4554436 
            ?-?-?     26.611     13.070      0.101     16975874 
            ?-?-?     25.185     13.091      0.102      4789644 
            ?-?-?     14.421     13.058      0.101      3416839 
            ?-?-?     20.498     26.614      0.647      8773946 
            ?-?-?     14.421     26.613      0.647     15492468 
            ?-?-?     13.072     26.607      0.647     19638628 
            ?-?-?     22.111     23.316      1.248      9212372 
            ?-?-?     24.220     10.158      0.551      4472716 
            ?-?-?     22.645     10.156      0.550     34581024 
            ?-?-?     24.220     22.350      0.754      7379070 
            ?-?-?     14.423     22.350      0.752      7400422 
            ?-?-?     10.153     22.350      0.753      5249510 
            ?-?-?     26.615     20.497      0.761     10495018 
            ?-?-?     14.421     20.498      0.759     17237470 
            ?-?-?     14.478     26.206      1.120      9100129 
            ?-?-?     27.128     13.741      0.736      3799107 
            ?-?-?     26.623     13.768      0.734      3563364 
            ?-?-?     25.334     13.956      0.734     12987107 
            ?-?-?     24.225     13.723      0.736     18243498 
            ?-?-?     23.541     13.925      0.734     19326012 
            ?-?-?     23.283     13.749      0.735     21391344 
            ?-?-?     20.546     13.694      0.735      3633883 
            ?-?-?     16.795     13.937      0.733     20075506 
            ?-?-?     14.407     13.756      0.736     33260668 
            ?-?-?     26.214     14.484      0.388     11643723 
            ?-?-?     21.638     14.485      0.390      6994839 
            ?-?-?     17.370     20.602      0.513      8135160 
            ?-?-?     14.535     21.639      0.536      9459402 
            ?-?-?     23.992     12.135      0.185      5297038 
            ?-?-?     19.284     12.139      0.186      4443744 
            ?-?-?     14.629     12.123      0.185      6740170 
            ?-?-?     13.811     12.123      0.186     20184100 
            ?-?-?     12.507     12.104      0.184      7298880 
            ?-?-?     23.885     25.007      0.486     16598725 
            ?-?-?      9.850     25.010      0.486      5574558 
            ?-?-?     24.007     19.288      1.342     13125808 
            ?-?-?     14.635     19.295      1.343      5994821 
            ?-?-?     12.180     19.290      1.342      5930620 
            ?-?-?     19.294     24.000      0.970     12264141 
            ?-?-?     14.633     24.002      0.970      3731097 
            ?-?-?     12.140     24.018      0.971      4610133 
            ?-?-?     24.022     14.680      0.843      3371401 
            ?-?-?     21.668     14.636      0.840      3710147 
            ?-?-?     19.286     14.623      0.840      5197865 
            ?-?-?     12.136     14.603      0.842      5853603 
            ?-?-?     27.136      9.857      0.644     23126776 
            ?-?-?     25.094      9.845      0.644      7264484 
            ?-?-?     23.877      9.849      0.644     25067024 
            ?-?-?     23.300      9.854      0.644     15063364 
            ?-?-?     22.832      9.847      0.644      3805221 
            ?-?-?     21.690      9.845      0.644     11195802 
            ?-?-?     16.798     23.155      0.788      9864313 
            ?-?-?     12.406     23.093      0.789      5663656 
            ?-?-?     11.770     23.365      0.797      4589167 
            ?-?-?     26.635     24.479      0.582      4345536 
            ?-?-?     23.730     24.445      0.584      4434218 
            ?-?-?     17.019     24.489      0.582      7368122 
            ?-?-?     12.398     24.477      0.582      7185825 
            ?-?-?     11.784     24.470      0.582      4944938 
            ?-?-?     21.440     13.646      0.461      6875424 
            ?-?-?     24.112     26.631      0.937     28346272 
            ?-?-?     22.846     26.631      0.937      6510882 
            ?-?-?     17.019     26.626      0.937     23181534 
            ?-?-?     12.393     26.636      0.937      6586314 
            ?-?-?     27.442     12.397      0.579     27008960 
            ?-?-?     26.633     12.392      0.579      6579036 
            ?-?-?     24.477     12.391      0.578      7988116 
            ?-?-?     24.115     12.403      0.579     10409008 
            ?-?-?     23.153     12.396      0.580      6568750 
            ?-?-?     17.004     12.396      0.579     30162416 
            ?-?-?     26.633     24.105      0.885     26688066 
            ?-?-?     22.831     24.038      0.882      4364432 
            ?-?-?     17.016     24.111      0.885     21353022 
            ?-?-?     12.398     24.109      0.884     10444049 
            ?-?-?     26.614     22.793      0.849      4337839 
            ?-?-?     23.144     27.425      0.968      3243655 
            ?-?-?     16.819     27.445      0.966     12192444 
            ?-?-?     12.397     27.442      0.966     21037354 
            ?-?-?     11.782     27.442      0.966      9973845 
            ?-?-?     12.987     17.379      2.017     17562832 
            ?-?-?     25.336     23.567      0.183     13737443 
            ?-?-?     16.795     23.567      0.183     26378680 
            ?-?-?     13.969     23.568      0.183     14701436 
            ?-?-?     25.321     24.537     -0.321      7651187 
            ?-?-?     23.099     24.519     -0.320      3096373 
            ?-?-?     16.793     24.518     -0.322      3031195 
            ?-?-?     25.328     12.933      0.700     12503952 
            ?-?-?     24.864     12.921      0.700     13088534 
            ?-?-?     23.722     12.950      0.699      3722490 
            ?-?-?     22.601     12.916      0.700     23075148 
            ?-?-?     24.554     25.337      0.838      8643519 
            ?-?-?     23.569     25.341      0.838     12802762 
            ?-?-?     22.971     25.334      0.838      5148933 
            ?-?-?     22.598     25.322      0.837      6612197 
            ?-?-?     16.792     25.343      0.838      6901780 
            ?-?-?     13.975     25.337      0.838      8957105 
            ?-?-?     12.914     25.329      0.838     11286534 
            ?-?-?     25.334     23.033      0.885      6605482 
            ?-?-?     24.840     23.074      0.881      6551456 
            ?-?-?     13.974     23.029      0.884      5262210 
            ?-?-?     27.444     16.794      1.996     17094200 
            ?-?-?     25.337     16.783      1.995      9075035 
            ?-?-?     24.529     16.796      1.996      4238234 
            ?-?-?     23.568     16.788      1.996     33092888 
            ?-?-?     23.153     16.793      1.995     18039680 
            ?-?-?     13.966     16.785      1.995     19547204 
            ?-?-?     12.402     16.807      1.995      7610612 
            ?-?-?     11.786     16.786      1.995      4724202 
            ?-?-?     17.380     12.988      0.867     15200430 
            ?-?-?     27.439     17.013      1.840      7692711 
            ?-?-?     26.631     17.013      1.840     22404782 
            ?-?-?     24.448     17.003      1.841      8359065 
            ?-?-?     24.116     17.011      1.840     23007262 
            ?-?-?     12.396     17.013      1.840     32987528 
            ?-?-?     27.442     11.774      0.106     11538209 
            ?-?-?     24.485     11.765      0.106      4397076 
            ?-?-?     23.714     11.773      0.106     20107758 
            ?-?-?     16.848     11.772      0.106      3828156 
            ?-?-?     13.644     21.430      0.630      6705710 
            ?-?-?     24.463     23.812      0.646      3376136 
            ?-?-?     11.780     23.712      0.646     20580448 
            ?-?-?     12.305     22.592      0.984      7272592 
            ?-?-?     20.599     20.998      0.564     14638853 
            ?-?-?     12.300     20.994      0.566     14371761 
            ?-?-?     22.814     25.178      0.888     13527324 
            ?-?-?     13.065     25.173      0.888      5831950 
            ?-?-?     12.129     13.811      0.921     21354476 
            ?-?-?     24.222     22.632      0.934      3055146 
            ?-?-?     10.155     22.644      0.935     27312452 
            ?-?-?     27.135     23.293      0.709     14041472 
            ?-?-?     14.428     23.294      0.709      4549238 
            ?-?-?     13.729     23.293      0.709     15909984 
            ?-?-?      9.858     23.291      0.709     12263346 
            ?-?-?     26.684     27.065      1.039      4706578 
            ?-?-?     23.855     27.138      1.039      3539621 
            ?-?-?     23.301     27.133      1.039     13017198 
            ?-?-?     21.680     27.131      1.040      3990476 
            ?-?-?      9.858     27.135      1.039     16866738 
            ?-?-?     27.134     23.879      1.113      5656691 
            ?-?-?     26.370     23.883      1.111      3622558 
            ?-?-?     25.022     23.874      1.113     17056718 
            ?-?-?     23.406     23.837      1.112      4886575 
            ?-?-?     21.690     23.881      1.113     13323526 
            ?-?-?      9.857     23.880      1.113     27574322 
            ?-?-?     27.142     21.674      0.793      4979665 
            ?-?-?     25.100     21.691      0.794      3485478 
            ?-?-?     23.878     21.690      0.794     11983127 
            ?-?-?     22.850     21.690      0.794      4057803 
            ?-?-?      9.850     21.699      0.794     11192786 
            ?-?-?     26.624     22.087      0.901      3037766 
            ?-?-?     23.324     22.112      0.902      8797199 
            ?-?-?     21.688     22.032      0.901      5156074 
            ?-?-?     25.177     22.822      0.802     14237373 
            ?-?-?     21.718     22.799      0.804      4254836 
            ?-?-?     13.050     22.798      0.801      4427166 
            ?-?-?     22.558     18.879      1.249      4338236 
            ?-?-?     23.892     26.349      0.699      3050991 
            ?-?-?     18.867     22.574      0.800      3933878 
            ?-?-?     12.620     22.563      0.799     23472358 
            ?-?-?     22.554     12.619      1.115     35380344 
            ?-?-?     18.850     12.621      1.115      3327340 
            ?-?-?     22.587     12.295      0.820      9549534 
            ?-?-?     20.995     12.295      0.820     20768718 
            ?-?-?     20.603     12.289      0.819      4088952 
            ?-?-?     17.308     12.303      0.820      3346229 
            ?-?-?     20.599     17.372      1.587     15068712 
            ?-?-?     18.864     17.387      1.589      3311690 
            ?-?-?     23.761     22.778      0.377     11508702 
            ?-?-?     21.126     22.784      0.376      8883749 
            ?-?-?     12.915     22.794      0.376      3323697 
            ?-?-?     25.312     22.594      1.023      6750958 
            ?-?-?     24.863     22.636      1.012     10882848 
            ?-?-?     12.910     22.580      1.025     18661398 
            ?-?-?     22.596     12.609      0.841      3731492 
            ?-?-?     22.324     10.145      0.551      7920228 
            ?-?-?     12.871     13.585      0.740     12636358 
            ?-?-?     23.396     11.762      0.101      6371664 
            ?-?-?     20.937     24.188      0.491      2495572 
            ?-?-?     27.090     14.412      0.328      2742795 
            ?-?-?     22.814     13.067      0.103      2819336 
            ?-?-?     20.515     13.094      0.103      2349326 
            ?-?-?     23.303     26.652      0.648      2407142 
            ?-?-?     22.127     26.638      0.647      2424794 
            ?-?-?     13.730     26.582      0.646      2648887 
            ?-?-?     20.476     22.382      0.756      2910323 
            ?-?-?     13.732     22.367      0.754      2342765 
            ?-?-?     13.054     20.497      0.762      2729427 
            ?-?-?     22.306     20.488      0.763      2041186 
            ?-?-?     21.709     25.023      0.484      2650655 
            ?-?-?     13.755      9.850      0.646      2050664 
            ?-?-?     26.674      9.840      0.644      2053624 
            ?-?-?     21.013     20.597      0.514     17565960 
            ?-?-?     27.431     23.185      0.790      2829130 
            ?-?-?     27.457     24.435      0.583      2210303 
            ?-?-?     21.416     24.492      0.578      2584488 
            ?-?-?     23.688     12.422      0.580      2370471 
            ?-?-?     11.734     12.368      0.580      6027488 
            ?-?-?     17.046     22.803      0.849      2713846 
            ?-?-?     17.046     27.428      0.967      6226538 
            ?-?-?     23.626     27.452      0.967      2061154 
            ?-?-?     12.922     24.550     -0.320      2817859 
            ?-?-?     21.139     12.942      0.700      2068823 
            ?-?-?     22.962     24.873      0.764      4462430 
            ?-?-?     24.562     23.045      0.888      2698794 
            ?-?-?     11.985     16.994      1.841      2738997 
            ?-?-?     12.407     11.803      0.108      5363038 
            ?-?-?     26.361     21.697      0.792      2702437 
            ?-?-?     23.333     21.728      0.797      2590966 
            ?-?-?     18.890     21.664      0.797      2272540 
            ?-?-?     23.312     23.690      0.647      7325668 
            ?-?-?     21.416     23.771      0.647      2158685 
            ?-?-?      9.869     25.153      0.888      2961409 
            ?-?-?     24.241     13.810      0.922      2848760 
            ?-?-?     23.306     13.859      0.922      2683192 
            ?-?-?     22.119     27.166      1.038      2114146 
            ?-?-?     13.729     27.143      1.039      2580172 
            ?-?-?     27.140     22.114      0.905      2223976 
            ?-?-?      9.856     22.804      0.802      2672622 
            ?-?-?     12.611     18.851      1.248      2430581 
            ?-?-?     21.698     18.865      1.251      2718677 
            ?-?-?     26.366     18.873      1.252      2649040 
            ?-?-?     25.018     26.359      0.702      2576191 
            ?-?-?     21.720     26.320      0.700      2041081 
            ?-?-?     18.885     26.353      0.700      2578859 
            ?-?-?     19.276     12.271      0.820      2778810 
            ?-?-?     23.553     12.777      0.852      2256876 
            ?-?-?     14.508     19.825      0.868      1107303 
            ?-?-?     23.290     24.160      0.489      2440836 
            ?-?-?     20.526     24.186      0.489      1684066 
            ?-?-?     26.639     24.134      0.489      1118306 
            ?-?-?     24.225     20.967      0.909      2538027 
            ?-?-?     13.730     20.942      0.909      1215676 
            ?-?-?     14.425     20.941      0.909      1707584 
            ?-?-?     20.928     14.426      0.328      1752104 
            ?-?-?      9.896     14.374      0.328      1414250 
            ?-?-?     26.224     14.400      0.328      1647109 
            ?-?-?     27.068     13.128      0.103      1414526 
            ?-?-?     26.237     13.076      0.103      2267522 
            ?-?-?     22.135     13.050      0.103      1897044 
            ?-?-?      9.818     26.627      0.648      1261625 
            ?-?-?     22.823     26.678      0.648      1140984 
            ?-?-?     27.171     26.627      0.648      3115346 
            ?-?-?     25.177     26.624      0.641      1026802 
            ?-?-?     27.145     23.337      1.249      1613375 
            ?-?-?     26.629     23.273      1.249      1496418 
            ?-?-?     21.720     23.278      1.248      1258881 
            ?-?-?     14.449     10.221      0.550      1147986 
            ?-?-?     13.738     10.180      0.551      1199716 
            ?-?-?     14.010     22.343      0.755      1514532 
            ?-?-?     20.928     22.369      0.755      1236301 
            ?-?-?     23.329     20.448      0.762      1428291 
            ?-?-?     24.199     20.474      0.762      1233928 
            ?-?-?     25.224     20.448      0.762      1039792 
            ?-?-?     13.089     26.211      1.120      1717118 
            ?-?-?      9.857     13.699      0.732      2700654 
            ?-?-?     26.561     14.504      0.390      1800900 
            ?-?-?     19.760     14.400      0.390      1906029 
            ?-?-?     20.565     14.478      0.390      1027226 
            ?-?-?     12.284     20.604      0.509      2634304 
            ?-?-?     18.929     20.552      0.509      1843311 
            ?-?-?     21.590     20.604      0.509      1780824 
            ?-?-?     25.121     20.656      0.509      1124964 
            ?-?-?     13.647     23.304      0.791      1773491 
            ?-?-?     24.511     23.226      0.783      1922826 
            ?-?-?     13.997     23.174      0.783      1247708 
            ?-?-?     13.697     24.444      0.585      1054188 
            ?-?-?     23.342     13.621      0.461      1959296 
            ?-?-?     11.765     13.673      0.461      1244293 
            ?-?-?     23.732     26.627      0.938      2305155 
            ?-?-?     24.485     26.627      0.938      5801552 
            ?-?-?     23.265     26.627      0.938      1325618 
            ?-?-?     16.684     12.401      0.580      5948480 
            ?-?-?     17.411     12.427      0.580      1763588 
            ?-?-?     27.042     12.401      0.580      1625900 
            ?-?-?     27.846     12.427      0.580      1887441 
            ?-?-?     27.457     24.083      0.885      1720443 
            ?-?-?     17.411     24.134      0.885      1410992 
            ?-?-?     12.751     24.108      0.885      1627286 
            ?-?-?     24.160     27.457      0.967      1451709 
            ?-?-?     24.498     27.457      0.967      1572350 
            ?-?-?     17.268     23.589      0.185      1642396 
            ?-?-?     12.946     23.563      0.185      1567856 
            ?-?-?     12.621     23.563      0.185      1503676 
            ?-?-?     11.778     23.563      0.185      1163916 
            ?-?-?     13.647     23.537      0.185      2705510 
            ?-?-?     14.335     23.563      0.185      1849964 
            ?-?-?     27.431     23.537      0.185      1199739 
            ?-?-?     23.563     24.576     -0.320      1906631 
            ?-?-?     23.797     24.524     -0.320      1703978 
            ?-?-?     13.932     24.498     -0.320      1339592 
            ?-?-?     11.765     24.524     -0.320      1294088 
            ?-?-?     12.375     24.498     -0.320      1621479 
            ?-?-?     24.498     12.946      0.700      3036769 
            ?-?-?     23.044     12.946      0.700      3179764 
            ?-?-?     16.879     20.812      0.784      1469022 
            ?-?-?     19.968     20.760      0.784      6070632 
            ?-?-?     13.621     20.760      0.784      1636092 
            ?-?-?     13.725     20.526      0.761      2499972 
            ?-?-?     23.758     20.734      0.784      1280403 
            ?-?-?     23.174     21.149      0.940      1804469 
            ?-?-?     24.874     21.201      0.940      1118782 
            ?-?-?     12.907     21.123      0.940      1784990 
            ?-?-?     25.354     24.939      0.764      8563167 
            ?-?-?     13.283     25.329      0.838      2068755 
            ?-?-?     12.907     23.070      0.888      1105044 
            ?-?-?     23.057     13.984      0.733      9464019 
            ?-?-?     24.614     13.907      0.733      2101895 
            ?-?-?     22.732     16.814      1.995      1659750 
            ?-?-?     23.978     16.840      1.995      1938765 
            ?-?-?     12.972     16.866      1.995      2155029 
            ?-?-?     13.582     16.788      1.995      2645613 
            ?-?-?     14.348     16.814      1.995      2132612 
            ?-?-?     12.764     17.022      1.841      2755215 
            ?-?-?     11.791     16.996      1.841      2809212 
            ?-?-?     23.693     16.996      1.841      1698972 
            ?-?-?     23.148     17.074      1.841      1352874 
            ?-?-?     22.836     17.074      1.841      1747473 
            ?-?-?     27.042     17.048      1.841      1457432 
            ?-?-?     21.467     13.674      0.309      1314277 
            ?-?-?     23.732     21.409      0.977      1459000 
            ?-?-?     24.498     21.435      0.977      1689467 
            ?-?-?     17.463     21.461      0.977      1071021 
            ?-?-?     11.842     21.383      0.977      1043936 
            ?-?-?     27.444     23.693      0.647      1697899 
            ?-?-?     12.245     23.745      0.647      1515334 
            ?-?-?     17.281     22.551      0.986      1835744 
            ?-?-?     21.019     22.629      0.986      1450212 
            ?-?-?     20.630     22.525      0.986      1146511 
            ?-?-?     12.777     22.655      0.986      1342200 
            ?-?-?     17.320     21.045      0.567      1947233 
            ?-?-?     22.564     21.045      0.567      1351616 
            ?-?-?     27.211     25.327      0.887      1124178 
            ?-?-?     23.148     25.199      0.881      3441792 
            ?-?-?     21.642     13.803      0.921      1469616 
            ?-?-?     12.349     22.629      0.935      1146131 
            ?-?-?     13.725     22.733      0.935      1233912 
            ?-?-?     10.493     22.681      0.935      2776528 
            ?-?-?     26.600     23.278      0.710      1423671 
            ?-?-?     21.681     23.226      0.710      1308238 
            ?-?-?     14.438     27.120      1.040      1641429 
            ?-?-?     25.108     27.172      1.040      1233041 
            ?-?-?     22.836     27.120      1.040      1074578 
            ?-?-?     22.823     23.875      1.113      1407263 
            ?-?-?     22.096     23.875      1.113      1815867 
            ?-?-?     18.838     23.875      1.113      1537192 
            ?-?-?     13.050     22.213      0.903      1549014 
            ?-?-?     14.386     22.188      0.903      1018133 
            ?-?-?     20.630     22.733      0.802      1208769 
            ?-?-?     26.600     22.940      0.802      1095882 
            ?-?-?     25.017     18.943      1.249      1684206 
            ?-?-?     23.888     18.917      1.249      1267564 
            ?-?-?     20.578     18.865      1.249      1653720 
            ?-?-?     17.320     18.813      1.249      1959377 
            ?-?-?     21.473     12.635      1.114      1583860 
            ?-?-?     22.161     12.635      1.114      2491190 
            ?-?-?     22.888     12.635      1.114      3324989 
            ?-?-?     17.346     12.609      1.114      1849961 
            ?-?-?     21.395     12.297      0.821      1425651 
            ?-?-?     23.952     12.297      0.821      1253697 
            ?-?-?     20.980     17.359      1.588      1939977 
            ?-?-?     21.460     17.307      1.588      1094554 
            ?-?-?     22.603     17.359      1.588      1421433 
            ?-?-?     16.411     17.333      1.588      2039792 
            ?-?-?     12.595     17.255      1.588      1755216 
            ?-?-?     22.564     17.359      2.067      1386926 
            ?-?-?     20.993     17.359      2.067      2008502 
            ?-?-?     12.297     17.359      2.067      1956388 
            ?-?-?     12.504     22.603      1.026      1823746 
            ?-?-?     13.296     22.655      1.026      1878570 
            ?-?-?     23.680     22.603      1.026      2659201 
            ?-?-?      9.130     12.712      0.846      1079276 
            ?-?-?     21.132     23.761      0.726      7332592 
            ?-?-?     20.678     23.771      0.725      2605418 
            ?-?-?     22.784     23.719      0.726     17559258 
            ?-?-?     22.626     24.865      0.763     12102292 
