            ?-?-?     25.258     21.228      0.785      1795897 
            ?-?-?     24.511     22.424     -0.268      1536483 
            ?-?-?     20.705     22.463     -0.270      5370376 
            ?-?-?     13.595     22.461     -0.271      3262952 
            ?-?-?     27.600     13.600      0.127      5004720 
            ?-?-?     22.448     13.608      0.127      5323628 
            ?-?-?     21.875     13.585      0.125      2377772 
            ?-?-?     20.726     13.571      0.126      2182960 
            ?-?-?     19.169     13.613      0.126      2503622 
            ?-?-?     22.437     20.701      0.217      6210210 
            ?-?-?     21.867     20.720      0.217      2090620 
            ?-?-?     25.951     27.635      0.599      2787103 
            ?-?-?     24.531     27.624      0.599      5970463 
            ?-?-?     22.428     27.612      0.598      9263343 
            ?-?-?     21.854     27.587      0.598      1812858 
            ?-?-?     21.231     27.635      0.599      2157053 
            ?-?-?     20.716     27.600      0.599      1964863 
            ?-?-?     20.109     27.666      0.599      1986052 
            ?-?-?     19.160     27.622      0.598      4429578 
            ?-?-?     13.593     27.633      0.599      5261475 
            ?-?-?     13.090     27.607      0.598      2336348 
            ?-?-?     25.938     27.391      0.663      3445714 
            ?-?-?     24.532     27.414      0.663      5313656 
            ?-?-?     22.313     27.413      0.663      5599960 
            ?-?-?     21.237     27.399      0.663      3667250 
            ?-?-?     20.132     27.438      0.663      2607536 
            ?-?-?     19.391     27.401      0.663      4771762 
            ?-?-?     19.187     27.408      0.663      5207756 
            ?-?-?     13.579     27.420      0.664      2907898 
            ?-?-?     13.074     27.400      0.663      5687814 
            ?-?-?     22.310     24.766      0.509     34416860 
            ?-?-?     27.700     23.208      0.640      6558673 
            ?-?-?     27.023     23.220      0.640     11064214 
            ?-?-?     25.938     23.090      0.645     20176780 
            ?-?-?     24.477     23.151      0.642      2345788 
            ?-?-?     17.803     23.224      0.641      5012043 
            ?-?-?     26.374     25.254      0.614      5540328 
            ?-?-?     23.378     25.251      0.615     16578441 
            ?-?-?     22.764     25.257      0.603     17540392 
            ?-?-?     21.866     25.280      0.617      1701431 
            ?-?-?     24.770     22.314      0.563     32636098 
            ?-?-?     27.536     25.894      0.571      2932556 
            ?-?-?     24.513     25.929      0.572      2989983 
            ?-?-?     23.083     25.931      0.572     18049016 
            ?-?-?     22.262     25.934      0.571      4638210 
            ?-?-?     19.133     25.912      0.572      1647404 
            ?-?-?     27.526     19.168      0.607      4174910 
            ?-?-?     24.536     19.159      0.607      1862624 
            ?-?-?     22.268     19.156      0.607      7586363 
            ?-?-?     21.898     19.172      0.608      2058722 
            ?-?-?     13.589     19.115      0.608      1984799 
            ?-?-?     13.095     19.173      0.607      1722395 
            ?-?-?     24.510     21.157      0.845      8251496 
            ?-?-?     20.036     21.068      0.852     29077370 
            ?-?-?     27.488     20.125      0.747      2142735 
            ?-?-?     22.755     20.136      0.745      4332063 
            ?-?-?     21.669     20.142      0.744      6662770 
            ?-?-?     21.233     20.132      0.745     24090382 
            ?-?-?     27.660     22.071      1.030      3469734 
            ?-?-?     27.512     22.233      1.035      3262845 
            ?-?-?     24.521     22.274      1.037      2377502 
            ?-?-?     23.067     22.201      1.035      1869411 
            ?-?-?     19.158     22.256      1.037      7423756 
            ?-?-?     13.079     22.289      1.038      2588122 
            ?-?-?     27.990     24.400      0.873     12621474 
            ?-?-?     25.812     24.220      0.876     28318880 
            ?-?-?     14.204     24.294      0.875      1631273 
            ?-?-?     27.491     24.566      0.963      1723931 
            ?-?-?     23.338     24.604      0.963      1623412 
            ?-?-?     21.690     24.611      0.962      3660684 
            ?-?-?     21.175     24.595      0.963      4161995 
            ?-?-?     27.442     13.075      0.847      6358486 
            ?-?-?     22.257     13.082      0.847      4345198 
            ?-?-?     19.474     13.073      0.847      3363967 
            ?-?-?     19.184     13.080      0.848      2805729 
            ?-?-?     25.259     22.758      0.556     17891958 
            ?-?-?     21.217     22.781      0.556      2009563 
            ?-?-?     20.119     22.762      0.556      3350068 
            ?-?-?     27.569     24.522      1.066      3961252 
            ?-?-?     25.944     24.514      1.065      2488435 
            ?-?-?     22.330     24.504      1.066      2448586 
            ?-?-?     19.171     24.531      1.068      1556628 
            ?-?-?     27.428     19.458      1.542      2375510 
            ?-?-?     21.246     19.423      1.540      1797908 
            ?-?-?     13.062     19.437      1.543      2035031 
            ?-?-?     27.611     21.861      0.848      1518820 
            ?-?-?     24.512     21.586      0.842      7755527 
            ?-?-?     19.175     21.859      0.847      1575904 
            ?-?-?     13.618     21.879      0.846      1969220 
            ?-?-?     20.759     19.531      1.291      2821810 
            ?-?-?     27.916     25.787      0.823      3047818 
            ?-?-?     25.032     25.846      0.823      7115050 
            ?-?-?     24.222     25.808      0.824     23309900 
            ?-?-?     26.048     27.989      0.761      4461674 
            ?-?-?     25.367     28.009      0.760      1628108 
            ?-?-?     24.433     27.992      0.761      7759026 
            ?-?-?     22.486     27.991      0.760      5242013 
            ?-?-?     20.892     28.007      0.761      3548554 
            ?-?-?     27.033     27.694      0.409      4309316 
            ?-?-?     25.758     27.705      0.409     16543643 
            ?-?-?     23.506     27.717      0.408      4761465 
            ?-?-?     23.231     27.702      0.408      5613421 
            ?-?-?     21.992     27.719      0.408      4563646 
            ?-?-?     18.383     27.703      0.409      2091198 
            ?-?-?     17.813     27.708      0.411      2459861 
            ?-?-?     25.798     26.996      0.582      2935446 
            ?-?-?     23.181     27.015      0.584     10039443 
            ?-?-?     22.494     27.171      0.586      5474627 
            ?-?-?     22.502     27.037      0.585      5602416 
            ?-?-?     27.998     26.061      0.302      3671002 
            ?-?-?     25.353     26.076      0.302      2837042 
            ?-?-?     24.419     26.056      0.303      1804420 
            ?-?-?     22.479     26.071      0.303      3718167 
            ?-?-?     20.892     26.052      0.302      8073707 
            ?-?-?     13.680     26.062      0.303      1738196 
            ?-?-?     26.052     25.407      0.135      1650269 
            ?-?-?     22.457     25.390      0.135      3456402 
            ?-?-?     21.792     25.375      0.138      1800823 
            ?-?-?     19.956     25.403      0.133      1652714 
            ?-?-?     26.378     22.333      1.157      2007832 
            ?-?-?     25.264     22.329      1.156      2475537 
            ?-?-?     25.073     22.313      1.156      2450395 
            ?-?-?     21.848     22.305      1.156      7229842 
            ?-?-?     27.951     14.158      0.709      1855663 
            ?-?-?     26.376     14.165      0.711      4377876 
            ?-?-?     25.805     14.223      0.711      1589113 
            ?-?-?     25.063     14.172      0.711      7118192 
            ?-?-?     22.321     14.139      0.711      2188779 
            ?-?-?     21.879     14.169      0.711      4615863 
            ?-?-?     13.729     14.202      0.711      3460418 
            ?-?-?     27.975     13.851      0.513      1846814 
            ?-?-?     27.970     13.724      0.510      1922030 
            ?-?-?     26.070     13.675      0.510      2107378 
            ?-?-?     25.301     13.685      0.507      6827702 
            ?-?-?     22.412     13.605      0.509      2449938 
            ?-?-?     21.478     13.676      0.508      5041437 
            ?-?-?     20.910     13.703      0.508      2671996 
            ?-?-?     26.374     21.934      1.259      4386710 
            ?-?-?     25.766     21.915      1.257      1964279 
            ?-?-?     25.050     21.906      1.258      4041211 
            ?-?-?     22.305     21.916      1.258      5833324 
            ?-?-?     14.166     21.912      1.259      2961760 
            ?-?-?     27.923     24.975      1.032      2454998 
            ?-?-?     26.380     24.982      1.033     15951366 
            ?-?-?     25.805     24.977      1.033      6169350 
            ?-?-?     24.241     24.972      1.032      2702113 
            ?-?-?     23.372     24.982      1.033      3707181 
            ?-?-?     22.314     24.989      1.033      2962449 
            ?-?-?     21.862     24.995      1.033      6150205 
            ?-?-?     14.166     24.985      1.033      5674292 
            ?-?-?     26.389     27.983      1.167      1572298 
            ?-?-?     25.795     27.941      1.166      3038636 
            ?-?-?     25.261     27.933      1.166      9651292 
            ?-?-?     24.221     27.933      1.166      2348343 
            ?-?-?     21.474     27.928      1.166      6046758 
            ?-?-?     25.864     26.391      1.095      5010984 
            ?-?-?     25.022     26.378      1.095     17256876 
            ?-?-?     24.223     26.371      1.095      2390286 
            ?-?-?     23.386     26.374      1.095      5332348 
            ?-?-?     22.326     26.376      1.095      3081681 
            ?-?-?     21.877     26.375      1.095      6249685 
            ?-?-?     14.166     26.383      1.095      3645202 
            ?-?-?     25.301     21.754     -0.186      3525920 
            ?-?-?     22.317     21.737     -0.183      2850352 
            ?-?-?     19.960     21.760     -0.183      2910936 
            ?-?-?     25.335     19.996     -0.097      2334658 
            ?-?-?     22.413     19.966     -0.096      1658142 
            ?-?-?     21.778     19.953     -0.098      3462812 
            ?-?-?     28.006     20.882     -0.474      3373695 
            ?-?-?     26.057     20.886     -0.474      9222641 
            ?-?-?     25.343     20.880     -0.474      2448808 
            ?-?-?     22.494     20.873     -0.473      2292990 
            ?-?-?     13.687     20.904     -0.475      2015530 
            ?-?-?     27.947     21.199      0.767      2752541 
            ?-?-?     27.451     21.263      0.789      2635328 
            ?-?-?     26.052     21.233      0.768      2865610 
            ?-?-?     25.298     21.202      0.768      3631710 
            ?-?-?     23.207     21.184      0.768      1537277 
            ?-?-?     22.766     21.218      0.789      2713460 
            ?-?-?     20.143     21.215      0.789     22925648 
            ?-?-?     13.675     21.243      0.767      2140118 
            ?-?-?     21.302     19.612      0.510     36518120 
            ?-?-?     17.011     19.605      0.509      2250907 
            ?-?-?     27.934     21.490      0.615      5125000 
            ?-?-?     26.035     21.513      0.615      2353560 
            ?-?-?     25.269     21.482      0.615      7595674 
            ?-?-?     19.618     21.302      0.600     33609292 
            ?-?-?     16.995     21.295      0.601      1709765 
            ?-?-?     14.141     21.478      0.617      1525089 
            ?-?-?     13.674     21.488      0.616      4318954 
            ?-?-?     27.998     22.486      0.135      4300873 
            ?-?-?     26.064     22.494      0.136      3768200 
            ?-?-?     25.368     22.481      0.135      4470817 
            ?-?-?     24.432     22.486      0.135      4940261 
            ?-?-?     27.021     22.496      0.346      4750313 
            ?-?-?     22.991     22.498      0.346     10116679 
            ?-?-?     21.312     16.992      1.055      1772840 
            ?-?-?     19.623     17.006      1.056      1788156 
            ?-?-?     16.983     16.990      1.055     18892068 
            ?-?-?     27.714     17.818      1.093      3013016 
            ?-?-?     25.741     17.813      1.094      1819197 
            ?-?-?     23.241     17.789      1.094      4582542 
            ?-?-?     21.983     18.290      1.491      5819938 
            ?-?-?     27.716     18.384      1.468      1891394 
            ?-?-?     25.781     18.391      1.469      3665599 
            ?-?-?     21.983     18.378      1.471      5028326 
            ?-?-?     27.712     25.690      0.972      8140494 
            ?-?-?     23.545     25.687      0.972     22249226 
            ?-?-?     21.986     25.688      0.972     11546708 
            ?-?-?     18.336     25.693      0.973      1755591 
            ?-?-?     27.709     25.796      0.544     13835759 
            ?-?-?     27.024     25.803      0.544      2577635 
            ?-?-?     23.509     25.805      0.543      2263424 
            ?-?-?     21.982     25.796      0.544     12012532 
            ?-?-?     18.395     25.786      0.544      3917451 
            ?-?-?     27.929     25.260      0.703      8594597 
            ?-?-?     26.378     25.273      0.703      3168461 
            ?-?-?     24.234     25.185      0.702      1703038 
            ?-?-?     21.503     25.268      0.703      7623402 
            ?-?-?     14.166     25.261      0.703      3518172 
            ?-?-?     13.684     25.271      0.703      4803006 
            ?-?-?     27.717     23.533      0.979      5388511 
            ?-?-?     25.692     23.543      0.979     27396592 
            ?-?-?     21.990     23.547      0.979      4234203 
            ?-?-?     17.814     23.561      0.979      1839851 
            ?-?-?     27.025     22.993      0.782      5441282 
            ?-?-?     22.515     22.993      0.782     13351598 
            ?-?-?     25.752     21.981      1.028     10619857 
            ?-?-?     23.517     22.025      1.027      1970736 
            ?-?-?     18.347     21.968      1.027      6835228 
            ?-?-?     27.711     22.003      0.869      2868380 
            ?-?-?     25.743     21.989      0.869     10819282 
            ?-?-?     23.539     21.953      0.871      1918893 
            ?-?-?     18.332     22.008      0.870      3153730 
            ?-?-?     19.489     21.244      0.792      2004390 
            ?-?-?     26.382     23.382      0.771      5553653 
            ?-?-?     25.686     23.355      0.773      1984981 
            ?-?-?     25.248     23.376      0.771     19236752 
            ?-?-?     21.866     23.314      0.771      1620311 
            ?-?-?     20.323     21.299      0.929     30307656 
            ?-?-?     21.060     20.048      0.816     31053786 
            ?-?-?     21.395     21.392      1.703      9654649 
            ?-?-?     23.262     24.917      0.815     16600621 
            ?-?-?     24.994     23.635      0.862     23010764 
            ?-?-?     23.573     24.979      0.892     25224848 
            ?-?-?     23.356     24.849      0.866     19001720 
            ?-?-?     24.878     23.336      0.816     24798036 
            ?-?-?     24.875     23.275      0.796     28356460 
            ?-?-?     21.155     20.191      0.928     34188880 
            ?-?-?     26.384     24.220      0.876      4173783 
            ?-?-?     23.274     24.390      0.870      5849286 
            ?-?-?     24.884     20.882      0.858      2048517 
            ?-?-?     19.538     20.789      0.812      1897583 
            ?-?-?     22.430     23.198      0.644      3920610 
            ?-?-?     19.451     27.611      0.597      2075913 
            ?-?-?     25.913     22.259      1.036      5585620 
            ?-?-?     21.160     21.681      0.839     38953272 
            ?-?-?     20.130     21.649      0.839      6164614 
            ?-?-?     25.322     21.931      1.259      3008082 
            ?-?-?     21.532     14.170      0.711      2271209 
            ?-?-?     25.300     14.201      0.711      5599324 
            ?-?-?     25.256     26.375      1.096     11373820 
            ?-?-?     25.234     24.998      1.033     18051226 
            ?-?-?     21.795     25.280      0.703      4978496 
            ?-?-?     21.094     25.280      0.703      2599590 
            ?-?-?     21.181     27.940      1.166      2823926 
            ?-?-?     25.037     21.774     -0.178      2293931 
            ?-?-?     21.357     26.031      0.302      2590169 
            ?-?-?     21.401     20.898     -0.475      8051716 
            ?-?-?     23.547     17.800      1.092      2138515 
            ?-?-?     21.138     20.466      0.791     23727030 
            ?-?-?     21.661     21.107      0.847     28702186 
            ?-?-?     22.489     24.424      0.875     10135544 
            ?-?-?     26.982     24.393      0.875      2688194 
            ?-?-?     21.696     24.446      0.883      5874673 
            ?-?-?     21.171     24.448      0.883      7558116 
            ?-?-?     23.339     18.926      1.353       704688 
            ?-?-?     24.862     18.946      1.353       784713 
            ?-?-?     20.013     24.974      0.892      1247702 
            ?-?-?     19.896     23.656      0.862      1002793 
            ?-?-?     17.918     23.635      0.863       844293 
            ?-?-?     26.196     23.614      0.862       774384 
            ?-?-?     25.756     24.618      0.962      1483958 
            ?-?-?     22.372     21.207      0.787      1556959 
            ?-?-?     24.540     21.207      0.787      1260024 
            ?-?-?     20.497     21.186      0.794     24228026 
            ?-?-?     25.243     20.119      0.745      1390090 
            ?-?-?     22.357     25.267      0.610      1595111 
            ?-?-?     27.968     25.246      0.610      1075214 
            ?-?-?     21.888     20.851      0.858      4161944 
            ?-?-?     23.090     19.449      1.291      1135319 
            ?-?-?     25.536     23.153      0.644      2371046 
            ?-?-?     19.530     23.111      0.644      1183952 
            ?-?-?     24.569     13.002      0.845      1212132 
            ?-?-?     23.060     27.444      0.665      1304684 
            ?-?-?     21.786     27.423      0.665      1304947 
            ?-?-?     23.104     27.590      0.600      1776210 
            ?-?-?     27.631     20.767      0.213      1333750 
            ?-?-?     13.596     20.684      0.213      1250861 
            ?-?-?     21.918     22.484     -0.269      1590084 
            ?-?-?     20.687     24.786      0.511      1274495 
            ?-?-?     20.716     21.688      0.835      4206499 
            ?-?-?     24.921     23.363      0.773      5848971 
            ?-?-?     17.874     23.258      0.773      1004117 
            ?-?-?     25.771     18.319      1.488      1409049 
            ?-?-?     23.134     25.686      0.967      1840022 
            ?-?-?     28.291     23.593      0.978      1205515 
            ?-?-?     28.448     13.560      0.544      1421875 
            ?-?-?     25.524     13.575      0.545      1049067 
            ?-?-?     22.489     27.758      0.407      1175040 
            ?-?-?     22.372     25.790      0.543      2375102 
            ?-?-?     23.119     25.874      0.543      3216924 
            ?-?-?     27.910     21.960      1.259      1091615 
            ?-?-?     23.324     21.918      1.259      1397774 
            ?-?-?     25.771     22.358      1.156      1201481 
            ?-?-?     19.925     22.337      1.156      1420810 
            ?-?-?     21.844     13.672      0.507      1790093 
            ?-?-?     27.617     24.472      0.885      1992080 
            ?-?-?     21.214     27.988      0.760      1450616 
            ?-?-?     27.719     22.484      0.345      1071716 
            ?-?-?     26.313     25.811      0.823      8479059 
            ?-?-?     25.346     25.790      0.823      7193417 
            ?-?-?     21.888     25.811      0.823      1179939 
            ?-?-?     14.124     25.832      0.823      1248504 
            ?-?-?     20.878     21.500      0.621      7032670 
            ?-?-?     22.445     21.123      0.763      1111674 
            ?-?-?     13.713     24.974      1.033      1150420 
            ?-?-?     27.968     26.397      1.096      1363355 
            ?-?-?     23.397     17.942      1.514      1390617 
            ?-?-?     25.756     25.330      0.703      4729834 
            ?-?-?     22.372     25.288      0.703      1311186 
            ?-?-?     23.471     20.014     -0.099      1101406 
            ?-?-?     25.024     19.972     -0.099      1339940 
            ?-?-?     20.936     22.546      0.135      1441117 
            ?-?-?     27.060     17.774      1.092      1042369 
            ?-?-?     27.610     22.443     -0.271      5082335
            ?-?-?     24.416     14.156      0.516      1193064
            ?-?-?     27.990     14.126      0.516      1643336
