            ?-?-?     12.911     23.831      0.731      3561297 
            ?-?-?     25.826     22.930      0.857     59220224 
            ?-?-?     24.303     24.971      0.361     60364092 
            ?-?-?     22.468     24.974      0.362     16764496 
            ?-?-?     20.675     24.976      0.361     10477832 
            ?-?-?     14.437     24.977      0.362     10878880 
            ?-?-?     13.743     24.978      0.361     24209732 
            ?-?-?     10.164     24.985      0.362      5476210 
            ?-?-?     25.458     24.284      0.506      7931117 
            ?-?-?     22.502     24.317      0.505     11363287 
            ?-?-?     20.681     24.310      0.503      8936569 
            ?-?-?     14.442     24.319      0.503     10767528 
            ?-?-?     13.744     24.311      0.504     23270130 
            ?-?-?     25.437     20.592      0.890     14634548 
            ?-?-?     24.980     20.688      0.890      7785033 
            ?-?-?     24.083     20.611      0.889      9704226 
            ?-?-?     23.594     20.591      0.891      9010729 
            ?-?-?     22.706     20.612      0.890     23323398 
            ?-?-?     12.874     20.602      0.890     11321686 
            ?-?-?     25.067     21.224      0.908     19944866 
            ?-?-?     24.978     21.036      0.926     21381242 
            ?-?-?     23.858     21.242      0.907     11662735 
            ?-?-?     22.857     21.049      0.927     32615008 
            ?-?-?     26.721     14.430      0.331     17759948 
            ?-?-?     24.890     14.430      0.332     18946218 
            ?-?-?     24.308     14.428      0.332      9581368 
            ?-?-?     23.388     14.446      0.332      5410482 
            ?-?-?     22.436     14.425      0.332     15847347 
            ?-?-?     20.650     14.431      0.331     44121776 
            ?-?-?     13.734     14.431      0.332     19224388 
            ?-?-?     26.713     13.076      0.107     18412334 
            ?-?-?     24.810     13.078      0.107      8873966 
            ?-?-?     22.771     13.081      0.106      7998152 
            ?-?-?     27.271     24.831      0.868      7469779 
            ?-?-?     26.704     24.761      0.867     27637012 
            ?-?-?     22.780     24.919      0.865      7503890 
            ?-?-?     22.277     24.800      0.867     14151014 
            ?-?-?     20.636     24.812      0.870      7573864 
            ?-?-?     14.430     24.832      0.869      8848690 
            ?-?-?     13.075     24.817      0.868      9671378 
            ?-?-?     24.801     26.713      0.655     26390450 
            ?-?-?     23.913     26.720      0.656      5192263 
            ?-?-?     23.447     26.714      0.679     19760538 
            ?-?-?     22.813     26.721      0.655     15283327 
            ?-?-?     22.283     26.722      0.654      7676894 
            ?-?-?     20.618     26.722      0.655     16155535 
            ?-?-?     14.437     26.722      0.655     13667911 
            ?-?-?     13.076     26.715      0.655     20014602 
            ?-?-?     27.274     22.322      0.825      5223471 
            ?-?-?     24.859     22.269      0.823      7164740 
            ?-?-?     23.904     22.280      0.826     15105487 
            ?-?-?     23.466     22.275      0.825     35149760 
            ?-?-?     24.801     23.425      1.258      6872864 
            ?-?-?     23.897     23.414      1.258      9301509 
            ?-?-?     22.280     23.412      1.257     42281148 
            ?-?-?     25.416     10.159      0.550     62725840 
            ?-?-?     22.726     10.161      0.550     42104396 
            ?-?-?     24.944     20.658      0.363      8617758 
            ?-?-?     24.311     20.656      0.363      5654070 
            ?-?-?     22.435     20.665      0.363     31097852 
            ?-?-?     14.433     20.665      0.363     22928538 
            ?-?-?     24.956     22.456      0.763     17316224 
            ?-?-?     24.322     22.441      0.763     10563401 
            ?-?-?     20.660     22.438      0.761     41279764 
            ?-?-?     14.433     22.441      0.762     14411751 
            ?-?-?     26.719     22.803      0.950     14592992 
            ?-?-?     25.407     22.721      0.939     77436584 
            ?-?-?     20.617     22.807      0.950     32880974 
            ?-?-?     14.441     22.807      0.950      8394691 
            ?-?-?     10.160     22.734      0.939     30555530 
            ?-?-?     26.721     20.603      0.769     13125698 
            ?-?-?     24.864     20.632      0.771      8071988 
            ?-?-?     22.805     20.604      0.768     28848986 
            ?-?-?     14.435     20.588      0.768     16441169 
            ?-?-?     14.488     26.494      1.101     62533900 
            ?-?-?     19.839     21.066      0.965     68984248 
            ?-?-?     21.069     19.843      0.874     69354672 
            ?-?-?     25.791     13.748      0.739     27328028 
            ?-?-?     24.966     13.734      0.738     29926108 
            ?-?-?     24.299     13.740      0.739     24353260 
            ?-?-?     23.599     14.019      0.739     42337772 
            ?-?-?     21.502     13.982      0.737      6202748 
            ?-?-?     20.701     13.681      0.738     11777476 
            ?-?-?     14.445     13.707      0.742     21237416 
            ?-?-?     26.471     14.486      0.391     69089440 
            ?-?-?     21.738     14.505      0.391      5701996 
            ?-?-?     20.670     25.635      0.634     69496952 
            ?-?-?     25.640     20.666      0.511     80550000 
            ?-?-?     21.594     20.690      0.521      8432040 
            ?-?-?     17.392     20.702      0.522      7866946 
            ?-?-?     21.736     27.256      0.902     27543066 
            ?-?-?     14.627     27.271      0.902     20811796 
            ?-?-?     27.265     21.729      0.539     35168628 
            ?-?-?     14.594     21.746      0.539     13053175 
            ?-?-?     25.779     12.165      0.188      6293621 
            ?-?-?     24.741     12.159      0.187     13503424 
            ?-?-?     24.118     12.158      0.187      9041305 
            ?-?-?     19.387     12.157      0.187      7544174 
            ?-?-?     14.628     12.150      0.187      6628872 
            ?-?-?     13.794     12.157      0.188     23578216 
            ?-?-?     25.145     26.053      0.539     72120040 
            ?-?-?     24.212     26.063      0.539     26504326 
            ?-?-?      9.905     26.055      0.537      6317298 
            ?-?-?     26.054     25.147      0.496     75550344 
            ?-?-?      9.900     25.172      0.496      6950639 
            ?-?-?     24.102     22.073      0.580      5176240 
            ?-?-?     20.296     22.095      0.581      5246951 
            ?-?-?     19.381     22.083      0.579     21591888 
            ?-?-?     14.629     22.079      0.578      6451134 
            ?-?-?     24.734     19.389      1.352      8357910 
            ?-?-?     24.110     19.381      1.351     16115109 
            ?-?-?     22.084     19.375      1.351     27934550 
            ?-?-?     14.635     19.391      1.351      7041376 
            ?-?-?     12.196     19.385      1.351      7436032 
            ?-?-?     19.374     24.744      0.504      8228427 
            ?-?-?     12.159     24.737      0.505      9027101 
            ?-?-?     24.737     24.083      0.980     45802328 
            ?-?-?     22.090     24.100      0.981      6694662 
            ?-?-?     19.381     24.107      0.980     16444444 
            ?-?-?     12.178     24.110      0.979      6287442 
            ?-?-?     27.271     14.626      0.847     27000682 
            ?-?-?     21.785     14.630      0.847     11463032 
            ?-?-?     19.393     14.632      0.847      7265182 
            ?-?-?     27.268      9.904      0.650     18142544 
            ?-?-?     25.683      9.904      0.650     31157296 
            ?-?-?     25.161      9.897      0.650      7485808 
            ?-?-?     23.967      9.908      0.650     32495094 
            ?-?-?     23.389      9.900      0.650     13715817 
            ?-?-?     21.800      9.916      0.649      7638723 
            ?-?-?     22.677     21.082      0.576      5374337 
            ?-?-?     21.751     20.885      0.596     20721102 
            ?-?-?     20.288     21.091      0.573     19798148 
            ?-?-?     12.304     21.085      0.573     12387307 
            ?-?-?     26.715     23.418      0.809     20551724 
            ?-?-?     25.454     23.220      0.797     53786468 
            ?-?-?     16.811     23.239      0.798     13219991 
            ?-?-?     26.714     22.773      0.690      7544797 
            ?-?-?     25.604     22.807      0.693      6859354 
            ?-?-?     24.573     22.820      0.687     39030624 
            ?-?-?     23.869     22.835      0.691      9488296 
            ?-?-?     17.017     22.739      0.694     14752312 
            ?-?-?     12.403     22.732      0.695     11061741 
            ?-?-?     11.791     22.750      0.690     14150520 
            ?-?-?     26.715     24.581      0.591      6126601 
            ?-?-?     22.827     24.575      0.590     45127012 
            ?-?-?     17.024     24.578      0.590      9518052 
            ?-?-?     12.402     24.578      0.591      8628770 
            ?-?-?     11.795     24.576      0.590      7187654 
            ?-?-?     21.961     13.628      0.465      5140049 
            ?-?-?     21.533     13.633      0.464      9185331 
            ?-?-?     22.766     24.669      0.672     53691812 
            ?-?-?     26.144     22.625      0.804     37653084 
            ?-?-?     24.679     22.755      0.783     55617596 
            ?-?-?     18.956     22.642      0.805      8162306 
            ?-?-?     12.638     22.625      0.805     26480642 
            ?-?-?     26.714     25.547      0.941     62820700 
            ?-?-?     24.068     25.555      0.941     52584840 
            ?-?-?     22.737     25.422      0.935     89383240 
            ?-?-?     17.019     25.551      0.941     16751358 
            ?-?-?     12.402     25.559      0.941      5319498 
            ?-?-?     10.163     25.412      0.935     47596728 
            ?-?-?     25.570     26.718      0.947     62068784 
            ?-?-?     24.059     26.713      0.947     46075820 
            ?-?-?     22.896     26.710      0.946     14624423 
            ?-?-?     17.028     26.711      0.947     22214834 
            ?-?-?     12.402     26.714      0.946      6151990 
            ?-?-?     27.551     12.399      0.582     31099778 
            ?-?-?     26.715     12.413      0.583      6720830 
            ?-?-?     25.523     12.403      0.583     10965441 
            ?-?-?     24.580     12.397      0.583     10424121 
            ?-?-?     24.024     12.399      0.583     17406104 
            ?-?-?     22.594     12.396      0.583     14062984 
            ?-?-?     17.017     12.401      0.582     33990672 
            ?-?-?     22.867     24.036      0.896     28872840 
            ?-?-?     20.621     24.072      0.895      9465696 
            ?-?-?     12.908     24.079      0.894     17232676 
            ?-?-?     12.409     24.036      0.895     17734018 
            ?-?-?     26.719     25.831      0.792     10683016 
            ?-?-?     24.636     25.816      0.792      5031199 
            ?-?-?     24.065     25.811      0.792     16695964 
            ?-?-?     22.927     25.834      0.791     52360908 
            ?-?-?     24.023     22.670      0.859      6870894 
            ?-?-?     27.550     22.526      0.705     16939944 
            ?-?-?     25.484     27.544      0.977      5652034 
            ?-?-?     22.521     27.542      0.976     15427178 
            ?-?-?     16.867     27.546      0.977     12653596 
            ?-?-?     12.405     27.538      0.976     21648488 
            ?-?-?     11.793     27.536      0.976     11676693 
            ?-?-?     12.985     17.375      2.020      7603778 
            ?-?-?     25.461     26.133      0.741     10003241 
            ?-?-?     23.639     26.144      0.740     50593972 
            ?-?-?     16.809     26.148      0.740     18930532 
            ?-?-?     13.994     26.153      0.740     27859874 
            ?-?-?     26.147     23.661      0.190     40679672 
            ?-?-?     25.450     23.666      0.190     20298216 
            ?-?-?     20.612     23.659      0.190      5295599 
            ?-?-?     16.807     23.664      0.190     24679040 
            ?-?-?     14.001     23.667      0.190     18647584 
            ?-?-?     25.457     24.642     -0.314     15575372 
            ?-?-?     23.544     24.640     -0.314     18424996 
            ?-?-?     19.860     24.638     -0.315     50203696 
            ?-?-?     25.460     19.862     -0.934      5723414 
            ?-?-?     24.643     19.862     -0.935     41926916 
            ?-?-?     23.533     19.861     -0.934      6274212 
            ?-?-?     25.432     12.929      0.703     11160253 
            ?-?-?     24.970     12.910      0.704     13624708 
            ?-?-?     24.072     12.919      0.704     18253118 
            ?-?-?     23.612     12.931      0.704      6499884 
            ?-?-?     22.730     12.911      0.703     22059108 
            ?-?-?     21.766     12.914      0.704     12210521 
            ?-?-?     21.260     12.907      0.704      5594844 
            ?-?-?     20.607     12.916      0.703     10759433 
            ?-?-?     17.389     21.009      0.757      5534059 
            ?-?-?     12.307     21.049      0.758      5262108 
            ?-?-?     25.082     21.479      0.793      6324332 
            ?-?-?     23.883     21.302      0.950     12445462 
            ?-?-?     24.074     21.027      0.926      9285335 
            ?-?-?     26.158     23.528      0.874     11207341 
            ?-?-?     25.449     23.535      0.875     61336260 
            ?-?-?     20.604     23.599      0.877      6248681 
            ?-?-?     19.869     23.571      0.876      6865130 
            ?-?-?     16.809     23.541      0.875     26579146 
            ?-?-?     13.990     23.487      0.877     14440769 
            ?-?-?     26.163     25.486      0.848      5815730 
            ?-?-?     24.032     25.445      0.846     12760743 
            ?-?-?     23.570     25.434      0.847     50803732 
            ?-?-?     22.712     25.408      0.849      9881039 
            ?-?-?     20.601     25.429      0.847     15546625 
            ?-?-?     16.812     25.443      0.847      9035005 
            ?-?-?     13.997     25.440      0.848     11642374 
            ?-?-?     12.896     25.424      0.847     11155586 
            ?-?-?     25.692     21.491      0.982      5295302 
            ?-?-?     23.923     21.810      0.973      7683516 
            ?-?-?     23.068     21.488      0.961     45240260 
            ?-?-?     20.439     21.514      0.985     76051216 
            ?-?-?     13.984     21.501      0.960      5046510 
            ?-?-?     21.505     23.126      0.891     35251072 
            ?-?-?     27.556     25.474      0.991      5396438 
            ?-?-?     24.626     25.490      0.991      5972378 
            ?-?-?     23.253     25.462      0.990     52934088 
            ?-?-?     16.807     25.468      0.990     23604018 
            ?-?-?     26.145     14.001      0.739     32431570 
            ?-?-?     16.807     14.068      0.739     18019640 
            ?-?-?     27.552     16.797      1.999     15111238 
            ?-?-?     26.156     16.807      1.999     21605234 
            ?-?-?     25.463     16.805      2.000     42840592 
            ?-?-?     24.642     16.798      2.002      5863723 
            ?-?-?     23.592     16.801      2.000     56002292 
            ?-?-?     22.565     16.810      2.000      5201495 
            ?-?-?     14.001     16.799      1.999     16911224 
            ?-?-?     12.410     16.815      2.000      5229414 
            ?-?-?     17.372     12.993      0.870      7281021 
            ?-?-?     27.556     17.033      1.846      9451539 
            ?-?-?     26.719     17.027      1.846     24751356 
            ?-?-?     25.583     17.025      1.846     20159572 
            ?-?-?     24.062     17.030      1.846     33623164 
            ?-?-?     22.794     17.031      1.845     17447426 
            ?-?-?     12.407     17.029      1.846     31030692 
            ?-?-?     27.551     11.783      0.109     13886236 
            ?-?-?     25.731     11.786      0.108      8028272 
            ?-?-?     24.600     11.784      0.109      6998259 
            ?-?-?     23.809     11.787      0.108     20210132 
            ?-?-?     22.791     11.775      0.109     13303952 
            ?-?-?     21.543     21.991      1.075     28295114 
            ?-?-?     21.968     21.524      0.637     23151944 
            ?-?-?     13.646     21.536      0.636      6099796 
            ?-?-?     25.752     20.454      0.983      5081154 
            ?-?-?     21.489     20.405      0.983     74851648 
            ?-?-?     26.597     21.366      1.007      7025323 
            ?-?-?     22.241     21.355      1.008      9639416 
            ?-?-?     27.288     25.792      0.675      6536888 
            ?-?-?     23.812     25.745      0.675     30689932 
            ?-?-?     23.400     25.775      0.675     31209586 
            ?-?-?     13.769     25.789      0.675     44004768 
            ?-?-?     11.798     25.737      0.674      6374074 
            ?-?-?      9.902     25.792      0.673      5289333 
            ?-?-?     25.740     23.803      0.654     27469386 
            ?-?-?     11.792     23.803      0.654     18320700 
            ?-?-?     12.297     21.577      0.925     11558423 
            ?-?-?     21.568     22.725      1.002     18998504 
            ?-?-?     20.995     22.817      1.014     32336128 
            ?-?-?     12.298     22.685      0.994      8919574 
            ?-?-?     22.090     20.289      0.692      6347368 
            ?-?-?     21.079     20.288      0.691     25895754 
            ?-?-?     26.567     22.909      0.812     25882920 
            ?-?-?     25.270     22.680      0.813     40501920 
            ?-?-?     21.353     22.897      0.813      8579932 
            ?-?-?     13.067     22.702      0.814      6721790 
            ?-?-?     22.709     25.289      0.897     31013350 
            ?-?-?     13.088     25.231      0.885      5777164 
            ?-?-?     25.785     13.794      0.925     35817288 
            ?-?-?     23.392     13.788      0.925      9877879 
            ?-?-?     12.160     13.797      0.925     22085858 
            ?-?-?     27.260     23.387      0.718     15050981 
            ?-?-?     25.770     23.373      0.717     31678382 
            ?-?-?     13.751     23.384      0.718     22335708 
            ?-?-?      9.899     23.381      0.718     11976207 
            ?-?-?     22.784     23.925      0.867     10779072 
            ?-?-?     22.263     23.920      0.854     20620696 
            ?-?-?     21.782     23.936      0.855      9050619 
            ?-?-?      9.899     23.971      0.853      7429604 
            ?-?-?     25.738     27.272      1.048      7127086 
            ?-?-?     24.811     27.266      1.049      7969667 
            ?-?-?     23.915     27.265      1.049     16330934 
            ?-?-?     23.396     27.265      1.049     14380393 
            ?-?-?     22.263     27.281      1.049      7866312 
            ?-?-?      9.909     27.260      1.048     13256841 
            ?-?-?     25.141     25.655      1.060     16561018 
            ?-?-?     23.978     25.653      1.060     35725892 
            ?-?-?     23.380     25.656      1.061      5253970 
            ?-?-?     21.800     25.653      1.061      5352494 
            ?-?-?      9.906     25.655      1.060     25645698 
            ?-?-?     27.811     23.978      1.123     10255502 
            ?-?-?     27.278     23.980      1.124      5028805 
            ?-?-?     26.520     23.987      1.124      6422440 
            ?-?-?     25.662     23.973      1.123     36692448 
            ?-?-?     25.155     23.978      1.124     17686320 
            ?-?-?     21.784     23.975      1.123     11930670 
            ?-?-?      9.908     23.980      1.123     24653076 
            ?-?-?     27.804     27.803      1.083     28336230 
            ?-?-?     26.507     27.821      1.082     11874592 
            ?-?-?     24.001     27.786      1.083     12096415 
            ?-?-?     22.240     27.807      1.084     10850862 
            ?-?-?     21.781     27.802      1.083     16151805 
            ?-?-?     18.957     27.811      1.083      8582930 
            ?-?-?     27.804     21.766      0.803     16411552 
            ?-?-?     26.553     21.782      0.803     13787070 
            ?-?-?     25.684     21.779      0.804      5516234 
            ?-?-?     23.945     21.760      0.803     20611260 
            ?-?-?      9.900     21.790      0.803      6780458 
            ?-?-?     26.655     22.231      0.912      6234793 
            ?-?-?     24.860     22.228      0.913      5556056 
            ?-?-?     23.893     22.205      0.914      7367966 
            ?-?-?     23.420     22.221      0.911      7897584 
            ?-?-?     22.864     26.513      0.903     22962272 
            ?-?-?     21.371     26.564      0.904      6082918 
            ?-?-?     27.807     22.248      1.070      8595993 
            ?-?-?     26.522     22.242      1.070     11928009 
            ?-?-?     26.160     22.241      1.069     14987413 
            ?-?-?     18.950     22.247      1.069     15704723 
            ?-?-?     27.808     18.950      1.257      9402233 
            ?-?-?     26.154     18.942      1.257     15521175 
            ?-?-?     22.241     18.946      1.257     18650316 
            ?-?-?     27.820     24.219      0.853      6075034 
            ?-?-?     26.495     24.272      0.854     21460570 
            ?-?-?     26.074     24.266      0.854     19110850 
            ?-?-?     25.139     24.265      0.854     20459174 
            ?-?-?     27.813     26.469      0.712      9697372 
            ?-?-?     25.164     26.496      0.713      5431340 
            ?-?-?     24.260     26.467      0.712     18796698 
            ?-?-?     22.616     26.157      0.889     37671728 
            ?-?-?     18.951     26.152      0.890     16543621 
            ?-?-?     12.639     26.149      0.890     20316756 
            ?-?-?     26.153     12.631      1.118     33276774 
            ?-?-?     22.630     12.632      1.118     43292964 
            ?-?-?     18.950     12.625      1.117      6059808 
            ?-?-?     23.203     16.857      2.041      5244286 
            ?-?-?     20.962     16.867      2.042      7744534 
            ?-?-?     22.689     12.296      0.823     14702375 
            ?-?-?     21.564     12.298      0.823     20701290 
            ?-?-?     21.075     12.298      0.823     25532026 
            ?-?-?     20.317     12.299      0.824      6050156 
            ?-?-?     20.745     17.400      1.589     18239684 
            ?-?-?     25.080     22.885      0.382     10033764 
            ?-?-?     23.854     22.897      0.383     12855425 
            ?-?-?     21.765     22.892      0.382     22584442 
            ?-?-?     21.265     22.894      0.382     21556506 
            ?-?-?     25.417     22.712      1.032      8204613 
            ?-?-?     24.958     22.773      1.021     14787228 
            ?-?-?     24.066     22.720      1.029     13658957 
            ?-?-?     20.606     22.690      1.033     19870106 
            ?-?-?     12.901     22.691      1.033     16625642 
            ?-?-?     20.607     12.671      0.847      6865834 
            ?-?-?     12.913     21.733      0.973     11854929 
            ?-?-?     24.959     24.288      0.504     61635188 
            ?-?-?     22.761     24.315      0.504      8754975 
            ?-?-?     22.798     14.439      0.332     10483720 
            ?-?-?     14.478     26.362      1.128     18087150 
            ?-?-?     23.420     13.766      0.739     38614956 
            ?-?-?     25.485     13.969      0.739     20262268 
            ?-?-?     23.929     26.060      0.539     14749565 
            ?-?-?     23.959     25.173      0.496     22376330 
            ?-?-?     24.234     25.173      0.496     23419736 
            ?-?-?     24.102     24.754      0.505     56251372 
            ?-?-?     22.057     14.634      0.847      9480199 
            ?-?-?     21.394     20.833      0.782     60373728 
            ?-?-?     25.010     20.805      0.782      6118632 
            ?-?-?     17.010     22.537      0.710     13566497 
            ?-?-?     12.403     22.553      0.710     10561764 
            ?-?-?     11.797     22.569      0.710     11346381 
            ?-?-?     22.850     12.399      0.583     12473267 
            ?-?-?     23.232     16.801      1.997     21051418 
            ?-?-?     20.823     21.406      0.791     53423408 
            ?-?-?     22.941     21.300      0.951     29599794 
            ?-?-?     25.045     21.284      0.951     15449042 
            ?-?-?     22.846     21.753      0.978     31317292 
            ?-?-?     23.617     25.460      0.991     17457514 
            ?-?-?     26.662     23.246      0.795     10511126 
            ?-?-?     24.553     17.014      1.847     10233929 
            ?-?-?     22.528     17.027      1.847     14622333 
            ?-?-?     22.565     11.813      0.110     12948298 
            ?-?-?     22.733     22.241      1.067      9740198 
            ?-?-?     22.696     21.548      0.924     16536415 
            ?-?-?     21.015     22.708      0.994     14289939 
            ?-?-?     27.251     23.892      0.854     12846739 
            ?-?-?     26.112     25.682      1.060     17500812 
            ?-?-?     26.091     23.951      1.123     13880655 
            ?-?-?     26.153     27.779      1.083      6357446 
            ?-?-?     20.842     21.735      0.799     20945760 
            ?-?-?     22.927     21.401      1.007      8935010 
            ?-?-?     22.214     26.140      0.889     19635554 
            ?-?-?     22.246     26.520      0.905     16028489 
            ?-?-?     26.500     18.924      1.258      7560688 
            ?-?-?     22.629     18.940      1.258      8021380 
            ?-?-?     21.002     17.405      1.590     15594390 
            ?-?-?     25.030     21.825      0.973      6691193 
            ?-?-?     22.761     24.996      0.362      9388210 
            ?-?-?     25.774     14.444      0.332      3504948 
            ?-?-?     27.265     14.401      0.332      2354457 
            ?-?-?     13.053     14.430      0.332      2593826 
            ?-?-?     14.464     13.086      0.109      2787839 
            ?-?-?     20.636     13.087      0.107      3113612 
            ?-?-?     22.241     13.057      0.109      2856843 
            ?-?-?     25.233     13.086      0.109      4698392 
            ?-?-?      9.910     24.795      0.871      3603105 
            ?-?-?     21.355     24.865      0.874      2747705 
            ?-?-?     27.255     26.726      0.653      3458735 
            ?-?-?     21.351     26.685      0.652      2450875 
            ?-?-?     13.727     26.734      0.653      2115320 
            ?-?-?     20.649     22.322      0.826      3340420 
            ?-?-?     14.439     22.449      0.822      2371823 
            ?-?-?      9.900     22.722      0.818      3020436 
            ?-?-?     27.273     23.394      1.257      3542383 
            ?-?-?     26.674     23.429      1.257      3899493 
            ?-?-?     24.322     10.155      0.551      4820749 
            ?-?-?     20.689     10.155      0.551      2286380 
            ?-?-?     24.963     10.155      0.551      4829600 
            ?-?-?     26.722     20.673      0.363      4614022 
            ?-?-?     13.732     20.668      0.361      3680856 
            ?-?-?     26.714     22.465      0.762      3510594 
            ?-?-?     13.734     22.422      0.762      3406148 
            ?-?-?     10.131     22.451      0.762      3494614 
            ?-?-?     13.057     22.790      0.950      4863169 
            ?-?-?     13.697     20.594      0.770      2214333 
            ?-?-?     13.047     20.625      0.767      3082446 
            ?-?-?     22.401     20.606      0.769      5986094 
            ?-?-?     23.872     20.792      0.777      3631140 
            ?-?-?     22.761     26.497      1.101      2198933 
            ?-?-?     20.609     13.958      0.739     10131582 
            ?-?-?     22.461     13.743      0.731      3971434 
            ?-?-?     22.801     13.758      0.731      4072899 
            ?-?-?     21.490     13.758      0.731      5323142 
            ?-?-?     27.273     13.751      0.736      3935574 
            ?-?-?     16.816     13.743      0.739     14134778 
            ?-?-?      9.926     13.753      0.735      2922178 
            ?-?-?     21.060     20.706      0.523     41041884 
            ?-?-?     22.671     20.678      0.523      4160728 
            ?-?-?     22.251     20.692      0.523      2153708 
            ?-?-?     12.291     20.677      0.521      3348178 
            ?-?-?     25.673     21.743      0.540      2160826 
            ?-?-?     22.081     12.163      0.186      4608255 
            ?-?-?     23.432     12.171      0.187      2136548 
            ?-?-?     27.798     26.114      0.542      3308165 
            ?-?-?     27.811     25.126      0.498      4172075 
            ?-?-?     21.860     25.167      0.496      2823167 
            ?-?-?     18.988     25.181      0.496      2409460 
            ?-?-?     24.786     22.137      0.579      2100199 
            ?-?-?     21.100     22.136      0.579      2048954 
            ?-?-?     12.224     22.111      0.579      3997760 
            ?-?-?     20.264     19.351      1.351      2639183 
            ?-?-?     22.151     24.781      0.505      3153948 
            ?-?-?     14.625     24.113      0.980      3500300 
            ?-?-?     12.174     14.584      0.846      4558599 
            ?-?-?     24.121     14.639      0.847      3675701 
            ?-?-?     26.614      9.912      0.650      3739212 
            ?-?-?     27.805      9.912      0.650      3482245 
            ?-?-?     26.054      9.897      0.650      7226948 
            ?-?-?     22.221      9.897      0.650      4715891 
            ?-?-?     13.751      9.917      0.648      3411341 
            ?-?-?     21.570     21.035      0.751     17541798 
            ?-?-?     11.782     26.754      0.675      2116240 
            ?-?-?     25.563     23.408      0.808     22291214 
            ?-?-?     11.781     23.439      0.806      2459942 
            ?-?-?     27.565     22.794      0.696     10182279 
            ?-?-?     25.629     24.585      0.594      4091421 
            ?-?-?     27.564     24.584      0.591      3880203 
            ?-?-?     23.872     24.552      0.590      4822388 
            ?-?-?     21.476     24.583      0.593      2505589 
            ?-?-?     20.464     24.606      0.590      2809466 
            ?-?-?     23.467     13.647      0.464      2795295 
            ?-?-?     22.815     13.598      0.463      2242166 
            ?-?-?     20.895     24.681      0.672      3247814 
            ?-?-?     22.881     25.567      0.942     51467288 
            ?-?-?     24.583     26.697      0.947      7033168 
            ?-?-?     22.491     26.726      0.947      4972438 
            ?-?-?     23.221     12.428      0.583      5641508 
            ?-?-?     21.570     24.095      0.895      4863736 
            ?-?-?     20.970     24.095      0.895      5607063 
            ?-?-?     25.583     24.010      0.895     78059616 
            ?-?-?     17.031     25.840      0.790      4392814 
            ?-?-?     17.096     22.851      0.857      2340138 
            ?-?-?     26.724     22.508      0.706      5112205 
            ?-?-?     25.573     22.536      0.706      4713879 
            ?-?-?     24.002     22.565      0.706      4571860 
            ?-?-?     24.603     27.545      0.977      3277619 
            ?-?-?     23.291     27.555      0.977      3622192 
            ?-?-?     23.642     27.555      0.977      3695961 
            ?-?-?     23.892     27.540      0.977      3262093 
            ?-?-?     22.571     17.303      2.021      3646668 
            ?-?-?     20.603     26.145      0.737      2962745 
            ?-?-?     12.880     23.676      0.189      2698794 
            ?-?-?     16.820     24.646     -0.314      4237017 
            ?-?-?     12.909     24.651     -0.314      2650155 
            ?-?-?     12.923     23.494      0.877      4792668 
            ?-?-?     24.643     23.537      0.869     27812362 
            ?-?-?     24.673     25.453      0.847      8734637 
            ?-?-?     19.867     25.452      0.990      3146124 
            ?-?-?     14.000     25.477      0.992      2395540 
            ?-?-?     12.418     25.451      0.990      3912710 
            ?-?-?     13.974     23.266      0.795      2012923 
            ?-?-?     12.382     23.280      0.795      3047694 
            ?-?-?     27.543     23.267      0.795      3703415 
            ?-?-?     11.777     16.802      1.999      3588934 
            ?-?-?     11.800     17.050      1.845      3401893 
            ?-?-?     16.954     11.796      0.107      4839106 
            ?-?-?     26.723     11.759      0.107      2203123 
            ?-?-?     27.295     21.779      0.802      4534460 
            ?-?-?     24.823     21.736      0.802      3705345 
            ?-?-?     24.690     20.860      0.598      3639268 
            ?-?-?     22.761     20.906      0.597      3215510 
            ?-?-?     13.632     21.964      1.075      3794044 
            ?-?-?     12.623     22.222      1.067      4156522 
            ?-?-?     24.600     20.449      0.981      2962656 
            ?-?-?     23.772     20.463      0.983      3904789 
            ?-?-?     24.593     21.493      0.985      2843556 
            ?-?-?     21.526     25.761      0.675      3934990 
            ?-?-?     20.559     25.753      0.674      5054726 
            ?-?-?     24.983     25.810      0.674      2920016 
            ?-?-?     14.474     25.810      0.674      3147834 
            ?-?-?     12.142     25.796      0.674      3611868 
            ?-?-?     22.821     23.766      0.654      4926111 
            ?-?-?     21.504     23.814      0.658      2813400 
            ?-?-?     20.456     23.815      0.656      2268670 
            ?-?-?     24.593     23.780      0.654      3523944 
            ?-?-?     20.469     21.593      0.924      4207320 
            ?-?-?     21.580     20.320      0.691      3418353 
            ?-?-?     22.687     20.287      0.693      3184334 
            ?-?-?     21.580     21.092      0.573     11754746 
            ?-?-?     25.914     22.765      0.790      8261833 
            ?-?-?     25.383     22.994      0.814     35833664 
            ?-?-?     24.723     22.894      0.814      8138656 
            ?-?-?     24.683     23.394      0.814      4259836 
            ?-?-?     27.795     22.767      0.811      2617696 
            ?-?-?     24.272     13.801      0.926      3140476 
            ?-?-?     24.933     13.801      0.926      3120084 
            ?-?-?     27.295     13.801      0.926      2567552 
            ?-?-?     13.764     25.428      0.935      2118758 
            ?-?-?     13.769     22.774      0.939      2603464 
            ?-?-?     26.722     23.368      0.718      2194916 
            ?-?-?     14.453     23.355      0.720      4265980 
            ?-?-?     26.643     23.881      0.854     10091235 
            ?-?-?     21.353     23.929      0.854      3865028 
            ?-?-?     13.752     27.257      1.049      3664385 
            ?-?-?     21.769     27.320      1.042      3929238 
            ?-?-?     26.703     27.235      1.042      4485186 
            ?-?-?     24.863     23.832      0.854     11086938 
            ?-?-?     27.828     25.662      1.060      4021222 
            ?-?-?     27.278     25.644      1.062      4816366 
            ?-?-?     22.196     25.683      1.060      2699048 
            ?-?-?     18.953     23.985      1.123      2750105 
            ?-?-?     22.233     23.980      1.123      4567488 
            ?-?-?     23.388     23.962      1.123      2748144 
            ?-?-?     25.164     27.803      1.083      3753572 
            ?-?-?     25.651     27.751      1.083      4057677 
            ?-?-?      9.898     27.820      1.083      3691464 
            ?-?-?     18.973     21.773      0.799      3950860 
            ?-?-?     23.887     21.408      1.007      3687634 
            ?-?-?     24.812     21.408      1.007      2631759 
            ?-?-?     23.924     26.552      0.905      4010986 
            ?-?-?     25.262     26.586      0.905      3844724 
            ?-?-?     27.829     26.117      0.889      5265266 
            ?-?-?     27.841     26.569      0.905      4042748 
            ?-?-?     21.807     26.586      0.905      8004125 
            ?-?-?     18.960     26.569      0.905      4874072 
            ?-?-?     23.948     22.259      1.070      3881052 
            ?-?-?     24.045     18.975      1.258      3542219 
            ?-?-?     21.795     18.992      1.258      4842744 
            ?-?-?     25.177     18.992      1.258      2041890 
            ?-?-?     18.960     24.258      0.860      2946546 
            ?-?-?     18.955     26.443      0.712      3082750 
            ?-?-?     22.257     26.448      0.713      3077435 
            ?-?-?     21.785     26.473      0.711      3824302 
            ?-?-?     22.184     12.631      1.119      7408382 
            ?-?-?     21.284     16.872      2.046      4914262 
            ?-?-?     24.873     16.837      2.043      2471078 
            ?-?-?     27.943     16.889      2.043      2204634 
            ?-?-?     28.579     16.851      2.037      2382968 
            ?-?-?     19.386     12.301      0.824      3933320 
            ?-?-?     17.342     12.267      0.824      2848095 
            ?-?-?     22.075     12.336      0.824      3136798 
            ?-?-?     18.948     17.393      1.590      3300818 
            ?-?-?     21.551     17.428      1.590      3356921 
            ?-?-?     22.281     17.428      1.590      1981468 
            ?-?-?     22.646     17.445      1.590      2200466 
            ?-?-?     12.890     21.060      0.935      3071511 
            ?-?-?     12.914     22.906      0.382      4538771 
            ?-?-?     13.973     20.643      0.892      3328308 
            ?-?-?     26.138     20.608      0.892      2715324 
            ?-?-?     21.722     20.521      0.892      4033405 
            ?-?-?     21.746     22.694      1.026     10759665 
            ?-?-?     22.731     12.666      0.849      3837254 
            ?-?-?     23.644     12.684      0.849      3422169 
            ?-?-?     24.021     24.935      0.769     34390260 
            ?-?-?     22.792     24.953      0.769     16334504 
            ?-?-?     21.065     24.953      0.769     15456877 
            ?-?-?     20.663     24.953      0.769      6089206 
            ?-?-?     21.551     24.935      0.769      5279026 
            ?-?-?     12.927     24.935      0.769     12553122 
            ?-?-?     24.888     22.732      0.939      7543915 
            ?-?-?     24.350     22.749      0.939      4954708 
            ?-?-?     26.732     24.025      0.898     56160084 
            ?-?-?     27.545     24.009      0.898      3452408 
            ?-?-?     17.031     24.058      0.898     37393080 
            ?-?-?     23.857     25.072      0.790     66334536 
            ?-?-?     22.849     25.072      0.790     14396227 
            ?-?-?     21.257     25.056      0.790     30253108 
            ?-?-?     21.738     25.072      0.790      6023492 
            ?-?-?     25.071     23.829      0.733     70246616 
            ?-?-?     22.907     23.861      0.733     15736858 
            ?-?-?     21.738     23.829      0.733      6369406 
            ?-?-?     21.269     23.845      0.733     25134980 
            ?-?-?     26.723     22.954      0.857      8931015 
